0.01016
0.024734
0.01416
0.01832
0.024894
0.030334
0.01416
0.01832
0.01416
0.01832
0.026795
0.027529
0.031689
0.037129
0.01416
0.01832
0.017586
0.021746
0.016306
0.020466
0.015026
0.027492
0.019186
0.028226
0.033666
0.0344
0.03984
0.040574
0.046014
0.01416
0.046748
0.01832
0.017586
0.021746
0.016306
0.020466
0.019732
0.023892
0.018452
0.036998
0.022612
0.021877
0.037732
0.026037
0.020597
0.043172
0.024757
0.043906
0.024023
0.028183
0.049346
0.05008
0.05552
0.01416
0.056254
0.01832
0.017586
0.021746
0.061694
0.016306
0.062428
0.020466
0.019732
0.067868
0.023892
0.064443
0.018452
0.017718
0.065723
0.01416
0.01416
0.01416
0.061468
0.01416
0.062202
0.01416
0.067642
0.064217
0.065497
0.066777
0.067511
0.01416
0.066363
0.066362
0.066362
0.066362
0.066362
0.056574
0.01416
0.01832
0.026927
0.027661
0.01416
0.01832
0.02248
0.021746
0.027492
0.028226
0.033666
0.0344
0.01416
0.01832
0.02248
0.02664
0.025906
0.020466
0.027492
0.028226
0.033666
0.0344
0.03984
0.040574
0.01416
0.01416
0.01416
0.01832
0.017586
0.027492
0.01416
0.027492
0.01832
0.02248
0.02664
0.0308
0.032198
0.03496
0.032932
0.03912
0.038385
0.038372
0.037092
0.01416
0.042532
0.043266
0.048706
0.04944
0.05488
0.06032
0.061055
0.01416
0.01832
0.017585
0.021745
0.061468
0.016305
0.015571
0.01416
0.01416
0.01416
0.04641
0.047144
0.01416
0.052584
0.053318
0.058758
0.059492
0.060903
0.01416
0.01416
0.065609
0.01416
0.065609
0.01416
0.060903
0.01416
0.01832
0.017586
0.01416
0.051492
0.01416
0.056198
0.01416
0.056198
0.01416
0.060904
0.060904
0.061638
0.01416
0.067078
0.01416
0.01416
0.060904
0.01416
0.06561
0.01416
0.06561
0.01416
0.01832
0.01416
0.060904
0.01416
0.060904
0.01416
0.06561
0.01416
0.06561
0.06561
0.066156
0.065421
0.065421
0.065421
0.01416
0.01832
0.028056
0.02879
0.01416
0.01832
0.02248
0.021746
0.027492
0.028226
0.033666
0.0344
0.01416
0.01832
0.02248
0.021746
0.016306
0.027492
0.028226
0.033666
0.0344
0.03984
0.01416
0.01832
0.017586
0.01416
0.01416
0.027492
0.01416
0.028226
0.033666
0.037092
0.037092
0.037092
0.01416
0.01416
0.01416
0.01832
0.01416
0.027492
0.01416
0.027492
0.01416
0.032198
0.032932
0.037092
0.037092
0.01416
0.01416
0.041798
0.01416
0.01416
0.01832
0.032104
0.01416
0.032104
0.01416
0.032104
0.01416
0.03681
0.037544
0.041704
0.01416
0.01416
0.04641
0.041704
0.01416
0.01416
0.01416
0.036998
0.01416
0.041704
0.01832
0.01416
0.041704
0.01416
0.041704
0.04641
0.01416
0.04641
0.01416
0.047144
0.051304
0.01416
0.051304
0.01416
0.01416
0.051303
0.01416
0.01416
0.051303
0.01832
0.01416
0.051303
0.01416
0.051303
0.051303
0.01416
0.051303
0.01416
0.056009
0.056743
0.01416
0.060903
0.01416
0.060903
0.01416
0.01416
0.060903
0.01416
0.01416
0.060903
0.01416
0.056197
0.01832
0.01416
0.060903
0.060903
0.01416
0.060903
0.01416
0.060903
0.01416
0.065609
0.01416
0.065609
0.01416
0.065609
0.01416
0.060904
0.01416
0.060904
0.01416
0.060904
0.01416
0.01416
0.060904
0.060904
0.01416
0.060904
0.01416
0.060904
0.06561
0.06561
0.06561
0.06561
0.06561
0.01416
0.01832
0.027021
0.027755
0.01416
0.01832
0.017586
0.021746
0.027492
0.028226
0.033666
0.0344
0.01416
0.01832
0.017586
0.01416
0.01416
0.027492
0.028226
0.033666
0.037092
0.037092
0.01416
0.01416
0.01416
0.01832
0.01416
0.027492
0.01416
0.027492
0.032198
0.032932
0.037092
0.037092
0.01416
0.01416
0.01416
0.01416
0.027492
0.01832
0.027492
0.01416
0.01416
0.027492
0.032198
0.032932
0.037092
0.01416
0.01416
0.041798
0.01416
0.01416
0.032104
0.01416
0.032104
0.01416
0.01832
0.032104
0.01416
0.032104
0.03681
0.01416
0.03681
0.01416
0.04225
0.041704
0.01416
0.01416
0.036998
0.01416
0.041704
0.01416
0.01416
0.041704
0.01832
0.017586
0.041704
0.041704
0.01416
0.041704
0.01416
0.046409
0.01416
0.047144
0.01416
0.052584
0.01416
0.051303
0.01416
0.051303
0.01416
0.01416
0.051303
0.01416
0.051303
0.01832
0.051303
0.01416
0.051303
0.01416
0.051303
0.01416
0.056009
0.01416
0.056009
0.01416
0.056743
0.01416
0.060903
0.01416
0.060903
0.01416
0.056197
0.01416
0.01416
0.060903
0.01832
0.060903
0.01416
0.060903
0.01416
0.01416
0.060904
0.060904
0.01416
0.060904
0.01416
0.065609
0.066343
0.065798
0.065798
0.065798
0.065798
0.065798
