1	H	11873	12	0.033
2	P	306	1	0.133
3	B	239	1	0.133
4	B	142	1	0.133
5	P	250	1	0.231
6	B	101	1	0.231
7	B	92	1	0.231
8	P	203	1	0.331
9	B	101	1	0.331
10	B	89	1	0.331
11	P	168	1	0.430
12	B	79	1	0.430
13	B	77	1	0.430
14	P	171	1	0.528
15	B	56	1	0.529
16	B	58	1	0.529
17	P	163	1	0.628
18	B	52	1	0.628
19	B	55	1	0.628
20	P	165	1	0.727
21	B	53	1	0.727
22	B	52	1	0.727
23	P	215	1	0.825
24	B	75	1	0.825
25	B	75	1	0.825
26	P	323	1	0.925
27	B	93	1	0.925
28	B	87	1	0.925
29	H	2143	3	1.024
30	B	287	1	1.024
31	B	280	1	1.024
32	P	235	1	1.122
33	B	65	1	1.123
34	B	63	1	1.123
35	P	194	1	1.222
36	B	59	1	1.222
37	B	61	1	1.222
38	P	204	1	1.321
39	B	62	1	1.321
40	B	58	1	1.321
41	P	195	1	1.419
42	B	62	1	1.419
43	B	61	1	1.419
44	P	268	1	1.518
45	B	74	1	1.518
46	B	75	1	1.518
47	P	293	1	1.617
48	B	78	1	1.617
49	B	86	1	1.617
50	P	341	1	1.717
51	B	92	1	1.717
52	B	83	1	1.717
53	P	320	1	1.815
54	B	78	1	1.815
55	B	84	1	1.815
56	P	291	1	1.915
57	B	84	1	1.915
58	B	91	1	1.915
59	H	2148	3	2.013
60	B	199	1	2.013
61	B	211	1	2.013
62	P	495	1	2.113
63	B	211	1	2.113
64	B	187	1	2.113
65	P	388	1	2.212
66	B	159	1	2.212
67	B	145	1	2.212
68	P	361	1	2.310
69	B	117	1	2.310
70	B	115	1	2.310
71	P	245	1	2.409
72	B	76	1	2.409
73	B	83	1	2.409
74	P	250	1	2.508
75	B	81	1	2.508
76	B	83	1	2.508
77	P	282	1	2.607
78	B	102	1	2.607
79	B	113	1	2.607
80	P	299	1	2.707
81	B	108	1	2.733
82	B	107	1	2.733
83	P	282	1	2.806
84	B	108	1	2.806
85	B	100	1	2.806
86	P	230	1	2.904
87	B	99	1	2.904
88	B	102	1	2.905
89	H	2198	3	3.004
90	B	178	1	3.004
91	B	160	1	3.004
92	P	316	1	3.103
93	B	94	1	3.103
94	B	105	1	3.103
95	P	275	1	3.202
96	B	96	1	3.202
97	B	102	1	3.202
98	P	298	1	3.301
99	B	102	1	3.301
100	B	105	1	3.301
101	P	276	1	3.400
102	B	100	1	3.400
103	B	98	1	3.400
104	P	275	1	3.498
105	B	97	1	3.499
106	B	97	1	3.499
107	P	235	1	3.598
108	B	91	1	3.598
109	B	77	1	3.598
110	P	242	1	3.696
111	B	90	1	3.696
112	B	95	1	3.696
113	P	231	1	3.796
114	B	79	1	3.796
115	B	86	1	3.796
116	P	245	1	3.895
117	B	80	1	3.895
118	B	82	1	3.895
119	H	2215	3	3.994
120	B	136	1	3.994
121	B	142	1	3.994
122	P	283	1	4.093
123	B	73	1	4.093
124	B	93	1	4.093
125	P	230	1	4.191
126	B	88	1	4.191
127	B	84	1	4.191
128	P	307	1	4.290
129	B	102	1	4.290
130	B	101	1	4.290
131	P	327	1	4.389
132	B	112	1	4.389
133	B	111	1	4.389
134	P	297	1	4.489
135	B	94	1	4.489
136	B	100	1	4.489
137	P	211	1	4.587
138	B	74	1	4.587
139	B	80	1	4.587
140	P	251	1	4.687
141	B	82	1	4.687
142	B	85	1	4.687
143	P	215	1	4.786
144	B	75	1	4.786
145	B	80	1	4.786
146	P	339	1	4.885
147	B	125	1	4.885
148	B	120	1	4.885
149	H	2195	3	4.983
150	B	222	1	4.983
151	B	199	1	4.983
152	P	457	1	5.082
153	B	144	1	5.133
154	B	168	1	5.133
155	P	476	1	5.182
156	B	184	1	5.182
157	B	179	1	5.182
158	P	383	1	5.280
159	B	130	1	5.280
160	B	129	1	5.280
161	P	372	1	5.380
162	B	122	1	5.380
163	B	121	1	5.380
164	P	331	1	5.479
165	B	106	1	5.479
166	B	97	1	5.479
167	P	334	1	5.578
168	B	107	1	5.578
169	B	112	1	5.578
170	P	329	1	5.676
171	B	103	1	5.676
172	B	100	1	5.676
173	P	291	1	5.776
174	B	108	1	5.776
175	B	103	1	5.776
176	P	268	1	5.875
177	B	92	1	5.875
178	B	91	1	5.875
179	H	2141	3	5.973
180	B	109	1	5.973
181	B	107	1	5.973
182	P	276	1	6.073
183	B	67	1	6.073
184	B	68	1	6.073
185	P	292	1	6.171
186	B	72	1	6.171
187	B	72	1	6.171
188	P	375	1	6.271
189	B	103	1	6.271
190	B	114	1	6.271
191	P	455	1	6.369
192	B	147	1	6.369
193	B	151	1	6.369
194	P	366	1	6.469
195	B	108	1	6.469
196	B	110	1	6.469
197	P	365	1	6.567
198	B	118	1	6.567
199	B	114	1	6.567
200	P	316	1	6.667
201	B	113	1	6.667
202	B	98	1	6.667
203	P	276	1	6.765
204	B	91	1	6.765
205	B	90	1	6.765
206	P	264	1	6.864
207	B	84	1	6.864
208	B	82	1	6.864
209	H	2166	3	6.964
210	B	109	1	6.964
211	B	120	1	6.964
212	P	243	1	7.063
213	B	65	1	7.063
214	B	67	1	7.063
215	P	187	1	7.161
216	B	57	1	7.161
217	B	57	1	7.161
218	P	192	1	7.261
219	B	57	1	7.261
220	B	57	1	7.261
221	P	177	1	7.360
222	B	56	1	7.360
223	B	54	1	7.360
224	P	183	1	7.459
225	B	57	1	7.459
226	B	56	1	7.459
227	P	188	1	7.558
228	B	54	1	7.558
229	B	58	1	7.558
230	P	296	1	7.657
231	B	76	1	7.657
232	B	88	1	7.657
233	P	495	1	7.756
234	B	151	1	7.756
235	B	167	1	7.756
236	P	634	1	7.854
237	B	179	1	7.854
238	B	285	1	7.854
239	H	4754	5	7.954
240	B	265	1	7.954
241	B	278	1	7.954
242	P	279	1	8.052
243	B	102	1	8.052
244	B	92	1	8.052
245	P	255	1	8.151
246	B	78	1	8.151
247	B	76	1	8.151
248	P	241	1	8.250
249	B	70	1	8.333
250	B	70	1	8.333
251	P	274	1	8.350
252	B	75	1	8.350
253	B	83	1	8.350
254	P	306	1	8.449
255	B	90	1	8.449
256	B	89	1	8.449
257	P	440	1	8.547
258	B	138	1	8.547
259	B	155	1	8.547
260	P	615	1	8.647
261	B	170	1	8.647
262	B	165	1	8.647
263	P	434	1	8.745
264	B	164	1	8.745
265	B	147	1	8.745
266	P	399	1	8.844
267	B	137	1	8.844
268	B	130	1	8.844
269	H	3678	4	8.944
270	B	175	1	8.944
271	B	185	1	8.944
272	P	309	1	9.043
273	B	116	1	9.043
274	B	97	1	9.043
275	P	196	1	9.142
276	B	63	1	9.142
277	B	63	1	9.142
278	P	195	1	9.241
279	B	59	1	9.241
280	B	60	1	9.241
281	P	161	1	9.340
282	B	53	1	9.340
283	B	51	1	9.340
284	P	178	1	9.438
285	B	61	1	9.438
286	B	62	1	9.438
287	P	237	1	9.537
288	B	74	1	9.537
289	B	70	1	9.537
290	P	335	1	9.637
291	B	91	1	9.637
292	B	89	1	9.637
293	P	447	1	9.736
294	B	87	1	9.736
295	B	92	1	9.736
296	P	437	1	9.834
297	B	96	1	9.834
298	B	98	1	9.834
299	H	5266	6	9.933
300	B	177	1	9.934
