31.4961
12.9377
587.571
454.148
334.217
274.28
587.571
454.148
587.571
454.148
310.506
302.227
262.552
224.084
587.571
454.148
473.104
382.599
510.242
406.528
553.707
302.633
433.65
294.764
247.134
241.86
208.835
205.057
180.815
587.571
177.976
454.148
473.104
382.599
510.242
406.528
421.65
348.234
450.9
224.877
367.946
380.308
220.502
319.545
403.942
192.718
336.067
189.496
346.335
295.213
168.605
166.134
149.856
587.571
147.901
454.148
473.104
382.599
134.859
510.242
133.274
406.528
421.65
122.591
348.234
129.106
450.9
469.579
126.592
587.571
587.571
587.571
135.355
587.571
133.758
587.571
123.001
129.561
127.029
124.594
123.239
587.571
125.371
125.373
125.373
125.373
125.373
147.064
587.571
454.148
308.984
300.784
587.571
454.148
370.107
382.599
302.633
294.764
247.134
241.86
587.571
454.148
370.107
312.312
321.161
406.528
302.633
294.764
247.134
241.86
208.835
205.057
587.571
587.571
587.571
454.148
473.104
302.633
587.571
302.633
454.148
370.107
312.312
270.13
258.401
237.986
252.642
212.679
216.751
216.825
224.307
587.571
195.617
192.299
170.821
168.285
151.603
137.931
136.271
587.571
454.148
473.131
382.617
135.355
510.273
534.327
587.571
587.571
587.571
179.272
176.481
587.571
158.223
156.045
141.598
139.851
136.611
587.571
587.571
126.812
587.571
126.812
587.571
136.611
587.571
454.148
473.104
587.571
161.578
587.571
148.048
587.571
148.048
587.571
136.608
136.608
134.982
587.571
124.035
587.571
587.571
136.608
587.571
126.81
587.571
126.81
587.571
454.148
587.571
136.608
587.571
136.608
587.571
126.81
587.571
126.81
126.81
125.763
127.176
127.176
127.176
587.571
454.148
296.55
288.989
587.571
454.148
370.107
382.599
302.633
294.764
247.134
241.86
587.571
454.148
370.107
382.599
510.242
302.633
294.764
247.134
241.86
208.835
587.571
454.148
473.104
587.571
587.571
302.633
587.571
294.764
247.134
224.307
224.307
224.307
587.571
587.571
587.571
454.148
587.571
302.633
587.571
302.633
587.571
258.401
252.642
224.307
224.307
587.571
587.571
199.053
587.571
587.571
454.148
259.158
587.571
259.158
587.571
259.158
587.571
226.026
221.607
199.501
587.571
587.571
179.272
199.501
587.571
587.571
587.571
224.877
587.571
199.501
454.148
587.571
199.501
587.571
199.501
179.272
587.571
179.272
587.571
176.481
162.171
587.571
162.171
587.571
587.571
162.174
587.571
587.571
162.174
454.148
587.571
162.174
587.571
162.174
162.174
587.571
162.174
587.571
148.548
146.626
587.571
136.611
587.571
136.611
587.571
587.571
136.611
587.571
587.571
136.611
587.571
148.051
454.148
587.571
136.611
136.611
587.571
136.611
587.571
136.611
587.571
126.812
587.571
126.812
587.571
126.812
587.571
136.608
587.571
136.608
587.571
136.608
587.571
587.571
136.608
136.608
587.571
136.608
587.571
136.608
126.81
126.81
126.81
126.81
126.81
587.571
454.148
307.909
299.766
587.571
454.148
473.104
382.599
302.633
294.764
247.134
241.86
587.571
454.148
473.104
587.571
587.571
302.633
294.764
247.134
224.307
224.307
587.571
587.571
587.571
454.148
587.571
302.633
587.571
302.633
258.401
252.642
224.307
224.307
587.571
587.571
587.571
587.571
302.633
454.148
302.633
587.571
587.571
302.633
258.401
252.642
224.307
587.571
587.571
199.053
587.571
587.571
259.158
587.571
259.158
587.571
454.148
259.158
587.571
259.158
226.026
587.571
226.026
587.571
196.923
199.501
587.571
587.571
224.877
587.571
199.501
587.571
587.571
199.501
454.148
473.104
199.501
199.501
587.571
199.501
587.571
179.276
587.571
176.481
587.571
158.223
587.571
162.174
587.571
162.174
587.571
587.571
162.174
587.571
162.174
454.148
162.174
587.571
162.174
587.571
162.174
587.571
148.548
587.571
148.548
587.571
146.626
587.571
136.611
587.571
136.611
587.571
148.051
587.571
587.571
136.611
454.148
136.611
587.571
136.611
587.571
587.571
136.608
136.608
587.571
136.608
587.571
126.812
125.409
126.448
126.448
126.448
126.448
126.448
